0 0.6948527238597537, 0.4444444444444444
1 0.6853642573413766, 0.42483660130718953
2 0.6862701419781496, 0.4357298474945534
3 0.6798540898527715, 0.41612200435729846
4 0.6715217845307456, 0.420479302832244
5 0.6688319890067987, 0.42483660130718953
6 0.6604198609886606, 0.39651416122004357
7 0.656085413460638, 0.40522875816993464
8 0.6439460507048241, 0.39869281045751637
9 0.6424124218637127, 0.40522875816993464
10 0.6262531951150992, 0.35947712418300654
11 0.6206855043030317, 0.3572984749455338
12 0.6120318099612894, 0.3420479302832244
13 0.5992717159128786, 0.3420479302832244
14 0.5864440119076594, 0.3202614379084967
15 0.5781141527439417, 0.3333333333333333
16 0.5594916940932537, 0.28322440087145967
17 0.5622151078907915, 0.3006535947712418
18 0.5424983344692128, 0.2875816993464052
19 0.5318528370249992, 0.289760348583878
20 0.5349449259604374, 0.2962962962962963
21 0.5059886527631212, 0.23965141612200436
22 0.4894269389635021, 0.24183006535947713
23 0.48311256482783294, 0.2374727668845316
24 0.4748200422642633, 0.25054466230936817
25 0.462621861644389, 0.21568627450980393
26 0.43187766009053996, 0.20697167755991286
27 0.4522697883848966, 0.21568627450980393
28 0.43939855549315066, 0.20261437908496732
29 0.41283372509748234, 0.1655773420479303
30 0.3938531809794718, 0.1830065359477124
31 0.4073690056530031, 0.20261437908496732
32 0.3746005194237417, 0.17429193899782136
33 0.42079991266662403, 0.1895424836601307
34 0.36592306255277707, 0.17429193899782136
35 0.3480135446611563, 0.16122004357298475
36 0.3302043528504076, 0.14596949891067537
37 0.3150523253984304, 0.1437908496732026
38 0.316254566768876, 0.12636165577342048
39 0.31918333823750206, 0.1568627450980392
40 0.2799975673676266, 0.10893246187363835
41 0.3053270924123975, 0.13725490196078433
42 0.26436080046082255, 0.12636165577342048
43 0.31070468475101987, 0.1437908496732026
44 0.23536860053263803, 0.08278867102396514
45 0.2768690901812663, 0.12636165577342048
46 0.27707051343648736, 0.10893246187363835
47 0.255320810377633, 0.11546840958605664
48 0.24793605268301444, 0.10457516339869281
49 0.2351366327714098, 0.08496732026143791
50 0.2104421136749708, 0.0915032679738562
51 0.21336331274405082, 0.0718954248366013
52 0.23236316664004786, 0.0784313725490196
53 0.20111242596656156, 0.054466230936819175
54 0.19190791611855537, 0.0784313725490196
55 0.18654733848141242, 0.0718954248366013
56 0.22120567809453912, 0.09368191721132897
57 0.17652399692778617, 0.07407407407407407
58 0.15987158334446505, 0.05664488017429194
59 0.1604449919026368, 0.06753812636165578
60 0.14718628931741679, 0.05228758169934641
